1601
5747
9639
9817
1237
7981
6912
8853
1848
6489
2399
2269
8806
6175
2253
9894
8398
7022
5855
9174
4975
6173
7806
5769
7159
9366
6533
7060
9220
8609
433
1341
6543
9753
9819
3904
7594
5188
8748
5770
2407
5085
378
8940
4629
2071
3239
7730
1637
6619
6356
1133
5798
6777
1787
8425
5642
3085
22
7000
9511
2952
9563
6116
8312
1028
2991
4789
7735
4528
9568
1798
5021
8300
4571
4339
6363
4404
1943
966
8659
6989
5349
516
4157
8925
816
7168
6245
9390
2878
3247
8546
1927
1289
8594
8196
2210
766
5870
6865
4748
1919
3445
903
8252
5285
7994
9722
5069
3463
4178
8947
1774
5827
6896
6054
6191
1847
9300
99
4568
3534
7240
7500
6471
6303
3262
1416
9139
503
5292
6622
9265
5114
7376
6296
477
1632
9922
3321
5055
7815
5300
54
7337
1814
4441
9042
5471
3860
934
6055
6837
5130
7040
4792
4896
4692
5808
2267
2262
9761
5458
6715
7711
4481
4233
1046
3889
7421
6191
6257
6541
1623
3947
4056
4495
2264
7742
6571
7875
6231
8172
2431
8216
2721
993
1761
970
1517
5505
6519
4757
9913
2902
5724
2572
4518
8967
4551
9284
9574
2957
9966
358
7807
6214
1125
3569
241
6530
3561
1754
852
3529
4054
4167
4327
5153
8899
4716
9831
4191
3698
4982
8402
4587
8426
2835
5667
3878
4754
5280
2638
302
1000
9151
9697
1271
817
4326
5921
9461
2911
7542
2005
9252
8733
1364
8082
7182
2278
8602
7386
5027
8569
4257
3891
526
6106
542
4133
2374
760
8833
5403
7848
9214
3189
9856
5221
4443
372
5365
1610
1281
1024
5348
4970
2419
8742
8567
542
2457
4602
5802
9434
1732
6513
8017
897
3071
3583
3182
1876
3238
8209
4852
172
3991
4655
4096
3784
1358
5120
8942
2390
5845
2094
7219
4669
7559
4327
6686
1482
2760
9513
7649
4454
8853
8879
1645
2358
9016
8820
6747
5558
805
5852
5983
8871
1634
9975
2472
7042
9233
7612
6102
1128
4978
1538
7042
3276
2270
1013
8912
9999
7691
5046
3099
5534
9129
1883
3183
6169
7388
1869
7909
6781
1254
6745
7390
5670
2080
6132
44
1355
4590
498
9630
3353
6842
379
6492
5589
1173
544
5085
8672
5240
5107
229
8453
3699
1276
475
8320
1117
1519
3707
4488
1395
7838
502
9802
8291
4885
7036
1359
295
7187
9379
1327
4319
2248
5354
3221
6829
9070
9780
8219
2109
6666
6692
3728
3600
9657
9671
8754
8046
7783
4281
9294
8275
4026
1785
6393
4651
3687
3584
3195
2636
6950
4480
8872
6561
838
206
7555
4230
3587
4965
5395
8852
1068
1529
2263
1635
938
5222
3909
167
8188
3200
4272
5257
9910
7611
7377
9329
3187
4273
7271
1489
2188
472
9689
29
7944
9372
4947
3728
9366
4863
8811
493
3665
8205
9492
2115
5799
7863
3962
6100
7219
2090
8903
749
5055
5519
3918
1482
552
9024
9443
4431
6255
3386
9679
2353
4888
4426
6691
9648
5513
8638
4941
6243
8100
878
1601
1348
9371
5841
1402
5140
6726
2325
3352
2114
7848
2955
4582
2884
7301
2607
3759
8539
4186
5873
3372
436
2778
5563
4898
3128
846
7921
1516
9326
609
9961
3484
9203
7600
6528
4253
5478
8033
380
7722
3962
3760
1354
9960
6602
6307
8877
1469
7769
5478
8901
2569
9862
4185
946
6803
3791
15
2518
1296
5375
7424
5263
9970
6551
2373
2426
6838
9090
5062
5547
4913
8056
3145
2872
216
1890
986
5759
7208
1336
2379
7142
1788
2604
8347
3893
2213
1699
6192
5373
5813
279
1355
8110
7369
710
9553
8968
5259
7656
5886
5998
7522
3497
1524
9590
1545
1637
3026
8541
6847
7942
3792
7450
4448
6914
5945
5111
8204
8616
7899
5858
4515
8598
2111
8552
525
8830
5774
5978
8244
1076
1398
7574
6211
7796
2320
6198
6610
9110
1705
743
8400
8029
3124
7206
4698
4981
3664
5757
6639
8793
4825
5664
2659
949
1925
3346
6657
5574
1571
3087
8170
6505
1021
157
2049
2422
4844
7317
7914
5458
5472
3937
9191
8254
5984
1844
3879
4709
3642
3190
1960
5750
1193
611
6068
3267
6645
3432
3998
4072
9030
9424
4028
2503
3298
4530
8122
882
844
1607
2977
5294
5362
8884
3939
3355
8797
6809
1424
6972
6111
8710
7159
2244
3961
1576
6210
5507
7590
7974
1652
6244
4516
2552
3534
2088
9121
6482
3284
8677
9308
1142
7258
3330
5213
6109
4113
8483
7739
3473
5143
3765
7989
5127
2523
4622
7460
6230
4057
3878
6809
2788
5739
5992
8861
3393
7993
732
838
5234
9549
1025
9565
8770
505
296
609
6965
1432
9489
9592
8911
5868
6
4872
1363
4674
6920
5013
7356
4596
5164
4996
6315
7589
7318
1589
2585
6303
6022
9699
9350
5625
1840
3891
8712
4496
3956
6627
1770
7488
4907
7498
149
7834
754
743
3273
7969
4870
1001
409
7499
2257
8935
7923
2094
5697
1038
1403
1129
1036
1215
357
3303
5363
2220
8707
7000
5236
6872
5543
7614
7958
1673
8322
1671
207
358
725
9389
4850
7187
5138
3835
482
2950
3857
991
5829
6310
3962
4552
6621
2938
2967
4140
9137
9781
1211
6016
8757
6581
7667
5475
7946
3933
1781
8912
6949
3512
1501
1546
2557
1767
7700
1673
3767
5111
3952
1247
5779
5281
366
4234
1967
4093
3714
5084
6235
187
244
285
3952
3401
9887
8895
3072
1641
3838
3746
4611
6196
1013
3083
8076
8317
568
2573
1352
5607
3936
7995
4055
4426
3133
5620
6888
7588
7725
6138
2496
2877
1147
1533
2133
488
5843
694
8720
9818
6884
5488
6466
9216
3121
7146
1784
6463
8381
7234
7497
4858
1853
4172
346
2109
5544
9937
160
6675
9734
7777
9901
8097
760
1320
1430
729
6578
95
1095
6219
9855
2625
6759
9353
3506
1747
1383
541
3228
1055
8613
3031
3300
7610
7317
6236
2139
9547
4992
4776
7359
6766
521
8916
4355
3202
705
8046
2315
2545
1834
3264
532
5113
4046
1083
1272
887
3535
3451
2938
6746
4083
4561
8954
9502
4843
6975
7928
9187
8520
1178
2173
9837
5637
683
7753
7857
9384
4752
585
4397
3847
7284
6731
8433
5623
2509
8985
8932
1141
7895
6109
1730
9052
7486
6046
5268
6994
9124
7467
4771
6656
5436
2246
4697
9264
44
2485
2398
2890
7874
3438
1589
9153
6651
4338
5215
5838
7286
3428
8673
2294
9702
2413
767
2406
7438
4447
1353
8168
7887
7300
8563
7601
7512
9833
6928
9683
973
303
1389
3135
7191
1174
3901
8882
3707
8324
1262
2264
755
4479
8466
2653
248
9647
4802
6338
8104
5386
1451
4505
7548
4213
1934
6190
826
3033
320
9495
1319
3809
2961
3612
4148
5104
3236
9782
9989
8317
9894
1920
4477
3057
7296
4042
3642
3908
401
335
1103
9496
8752
331
6104
7471
3350
1195
9079
4678
2148
459
695
9937
9707
8097
8155
7033
4330
4794
3688
3008
8183
4867
6125
8146
3505
4264
6102
6345
8769
5289
8876
5967
9080
757
132
9166
770
4459
6241
4823
3689
9477
2508
9613
1862
3473
3561
4932
5416
4671
7882
2841
2278
4059
1634
5749
9562
9976
8495
4196
2591
7745
5080
2711
2987
2177
134
7151
1492
6767
9038
1304
5048
5341
5913
2799
4921
6864
380
807
6147
2852
9784
4863
4199
5741
4493
4268
6947
3509
7534
4795
4224
9568
9466
849
905
7856
9091
6067
9150
8218
339
7960
3743
3052
5033
3032
8684
5579
1995
2862
436
513
6728
8168
7458
7931
4704
2034
4199
6556
2470
9107
9748
5130
3108
7840
7286
8732
4620
1978
3872
5046
6457
427
3280
8215
4043
8360
1875
6973
6626
9509
4378
6702
644
1476
14
1164
7955
1257
4876
5584
2396
9570
8588
3773
7101
1357
2977
1603
2760
1878
9025
4821
601
5961
8592
6817
7658
2524
8812
8703
5094
144
7990
3399
9996
5075
3130
2863
6717
7025
7419
9951
5980
148
3727
6697
9144
8309
4611
3807
9796
9204
3808
982
6704
1249
6013
8827
1923
1718
9999
6097
644
6936
5666
1656
4427
4516
1689
485
3733
9784
7917
9005
4402
2106
5331
2462
1867
4899
3646
3235
2704
4156
1382
9846
4644
9811
7957
5880
2035
621
6886
8122
5846
7784
607
6383
6003
2731
2376
8707
8805
7470
1730
6835
8641
4706
1958
9671
7181
1075
884
6859
605
2177
5665
8739
8037
3090
4095
4288
3733
3826
309
6187
9198
2665
6861
8663
8225
8511
1136
2843
3565
8793
534
3977
3919
1168
1
4068
2454
9665
6273
8493
2205
2153
523
8588
8264
1008
5171
2496
5255
4722
8989
486
5727
5343
8916
7018
78
8748
1367
9811
7265
4246
8206
7095
3269
9666
9719
2209
2811
8816
999
1179
723
9950
5976
7810
4538
9805
8983
2344
6117
7547
3508
8051
7386
2139
712
1690
9802
250
6160
5760
7863
2807
9337
5014
1952
9414
4502
245
2910
2236
9346
2137
5158
8104
8541
9062
4840
5267
9578
5704
623
9531
2637
9696
3003
1829
4556
3291
2705
3412
8161
887
3380
1354
6632
5293
3692
9400
3442
5655
191
600
1151
1239
6749
8648
8606
4285
9138
1418
44
8479
5810
8541
2123
8435
6939
4357
85
2474
756
2495
7788
1174
9458
4880
2275
1185
4519
868
9780
597
9380
337
977
249
6781
2020
9225
1295
9581
3580
9984
8007
9286
4829
3953
6532
5054
2281
5100
5091
743
9471
6205
1852
8488
5589
4467
6262
3054
1262
1415
5817
3477
7205
8664
6615
4400
1937
5143
9204
987
7739
6534
5438
1469
9110
8927
5026
684
9405
8013
1021
5545
2112
1989
8183
775
1039
4778
9321
6314
2400
3229
6605
4772
2771
8748
2112
1668
5065
4796
4218
4103
6833
4854
3461
3903
3777
5985
9222
6080
5181
6028
7508
7082
6624
4938
313
3529
2678
163
7944
8293
8077
3459
152
7627
9393
548
631
1939
1371
5807
3250
4273
8372
3009
6052
2822
4113
2614
1137
1310
8934
8922
7803
1497
3442
6155
1494
9600
5402
4471
4436
9138
9478
5243
5666
374
1907
7397
4195
5332
6215
3478
5749
8
9584
8869
2332
7755
3176
9156
7722
306
1276
322
6441
6317
121
8785
6937
8596
6219
1422
514
6534
2819
7237
9400
1534
49
5105
9001
4450
7729
6549
3934
3582
8008
5469
2254
7602
5374
1182
5784
3768
8774
2150
5713
8068
59
7537
3923
8712
394
4295
8323
5014
5932
1399
4386
6578
5
9036
4560
6289
6930
2415
779
9927
2697
8106
1054
7655
9968
6204
5092
4308
1395
3923
3789
181
414
7267
4905
1867
6599
1369
3590
6132
99
6410
1067
6371
7144
4938
8574
4149
7451
591
9740
6506
6537
7290
5045
7558
5498
5619
7844
5208
2745
8783
9960
3161
6847
8656
8798
6964
6933
9202
1820
5700
1122
3177
2284
9153
1262
9742
1059
8980
6581
1128
8733
2390
3900
1190
4011
596
206
3757
314
6480
1156
2371
1608
6806
588
3712
5828
2082
3176
3310
5340
2857
6703
3039
2254
7659
6496
5316
6203
7215
8963
6571
2652
7409
4421
1626
9023
7696
305
5075
8025
2373
5236
2774
7233
7906
3634
2285
4323
3729
1836
8073
4746
7178
6388
1924
4483
5299
4044
6785
6951
4333
7555
6308
5426
5171
1049
6868
5875
4938
14
6433
777
4378
8922
2088
4978
3990
5150
4740
1405
5334
6405
1754
5961
9901
4963
6237
1406
3822
7841
5225
6325
5301
2851
7856
7572
1854
6549
8989
3513
2470
6942
8748
532
6637
5155
9604
8350
3799
1143
9428
5099
6321
7648
2317
7669
439
7297
9393
9464
3421
713
9128
9175
1160
9212
4925
3538
1953
7603
7448
6844
4024
2380
1922
2264
6346
4853
4751
247
9904
4053
3270
3891
6955
9277
4948
6065
74
6767
769
6859
6631
9481
8328
5415
2678
3955
6003
3835
7672
4429
1053
7890
268
1790
5842
7806
6587
6760
8303
3819
6699
4840
9425
9794
107
7968
5283
9870
2256
5879
291
8426
3206
7335
6964
5930
6090
9276
9483
8750
8932
6582
888
7522
646
8157
6492
2853
604
5988
3123
9167
4392
1785
1433
5852
2943
9765
2141
2480
8215
7546
4812
5064
4351
6644
5402
3232
4904
8676
9233
5769
1307
3867
3882
1746
7015
551
1521
8219
117
3628
2203
949
8601
8923
5364
2660
5536
4664
2870
1614
6581
3413
6460
5235
5251
1675
6685
2986
3559
6790
8871
5308
7498
6836
6239
8665
8281
6370
4939
5297
4754
5210
6653
8033
5476
3305
6334
1809
7392
7817
459
7883
1082
303
3958
2257
8982
1638
1743
3962
9091
7258
1574
893
4726
3917
8614
4568
4188
1170
752
9414
4622
8171
303
6092
2692
2216
7473
3193
3770
8457
2160
7384
8092
1973
5603
330
7061
1780
274
3302
9447
9081
481
8089
2664
7717
6035
950
4906
7609
9564
8776
6882
5177
6501
7484
510
8543
3390
6606
9366
9882
8689
2922
3179
8221
9781
2897
2025
315
2983
9257
9600
4640
3377
6821
7078
3262
3180
5817
6732
5063
6139
8586
3418
6324
5945
9171
9663
2902
4763
1502
9568
5558
9702
9794
6478
4446
9015
7629
4864
8537
7025
3829
4450
3698
7512
7687
4739
7348
3033
8485
1702
9102
9740
1174
6396
7867
6105
3257
1543
3640
1979
9947
9489
9930
1182
3202
6516
8521
1555
8571
5012
2014
2673
7305
5195
780
2595
1087
6057
2406
4919
4756
6704
8229
7544
6859
2069
1510
3785
2593
2962
5087
567
3914
3095
3101
9458
6306
4289
5818
6924
1832
1460
4983
9050
2303
755
9465
7421
2240
7541
5919
7974
2134
9123
7736
5181
7452
20
2137
2380
4967
2566
7930
4609
5036
7063
9355
9783
2641
8187
4928
5068
9122
9299
4694
1547
6544
2302
8224
4749
8440
9002
9755
4026
6588
305
5382
6505
3385
1499
5447
14
9631
2105
9668
6716
6718
7740
1518
3477
6106
1261
2742
9908
2438
6452
7242
8290
2923
8429
8140
3957
9902
8957
6219
9672
6837
4071
6880
1683
9950
8144
7698
4404
5238
1439
3419
6962
98
8665
4432
1489
6745
7283
8193
5627
277
5246
1867
8963
8219
113
8959
7776
448
104
6019
7112
1189
2619
1428
9545
7170
6161
4681
9360
3781
7995
1871
851
8346
8784
1433
4466
6171
5340
8091
5165
7113
9807
8353
6283
3631
5022
2940
3560
38
905
7570
5501
2549
3448
2331
8837
9202
1861
3535
9474
9666
4986
3580
3805
7392
3367
7964
9038
5191
3825
3100
6089
8405
4981
9987
7111
8146
8953
6054
719
7538
948
9633
8621
2357
3922
6400
7435
3541
9564
129
7531
6625
2266
1341
4769
78
6724
884
767
2256
1654
1274
2392
2646
5575
9798
1139
9182
6669
9721
6960
21
8823
3444
7663
250
5725
3316
5070
9562
2048
9210
9235
4873
6874
2014
4578
8113
5923
2298
9715
2538
6083
40
5877
1428
869
5468
671
9991
1404
5508
8475
9006
6455
1209
1563
5645
6168
7523
9190
4784
4082
4980
6649
2544
8439
9896
7433
2955
7968
3979
1540
4526
8576
8988
8299
7726
8362
2606
737
6615
9967
3253
9982
3676
4839
2984
2795
8578
550
8906
9913
8779
9983
8493
1885
3568
9389
4299
9495
2622
1472
1401
6843
5833
4925
1550
4260
2627
4984
2794
6665
7653
2608
8628
5607
1784
6612
1050
5516
1125
7035
7576
5214
7123
4933
8842
7891
3268
9174
2509
4450
956
7608
2415
8510
1375
1700
8737
2645
2336
1005
9248
4206
9574
1310
7818
2786
9040
2591
9747
2176
1005
7144
2808
2810
2287
6945
1676
8621
2981
9651
2316
7097
7179
8463
1535
9047
378
9696
7213
1082
6698
946
6921
4558
9240
9364
7600
2674
1665
5851
6659
1851
9486
8859
8825
7301
880
4611
3194
9124
6
6744
8143
5415
6755
549
1231
6377
9347
6206
4162
5773
4111
7252
9275
9188
6912
9922
4984
1490
6291
3882
3957
3342
2923
1902
2991
4890
9852
3549
3469
217
3533
9956
5546
2853
8484
7588
1130
5630
7246
9838
3842
876
8538
7000
5707
3653
6008
7149
4401
8454
3844
6908
8820
1963
3698
902
2221
9179
2134
2206
6156
2201
6589
321
9978
2902
8090
1492
4453
8192
509
9163
7269
2863
5852
2205
9237
3736
8168
8430
1772
8928
2752
598
42
432
3973
1414
7087
5184
287
5840
5448
7728
5217
5815
125
927
5143
6332
9013
6307
3964
1439
9178
8223
3934
3298
9772
6213
4457
3160
6700
25
4425
55
9593
7631
8778
8376
528
1759
2447
5748
2827
4824
7125
2956
1051
1131
895
619
5601
7338
8158
5356
103
6620
6942
758
1490
3301
5088
1512
2025
6844
6132
7031
9378
8987
7685
6180
8133
3735
7019
3746
691
2824
9844
9016
6451
5779
4358
7920
2166
436
5549
8698
5432
5372
1276
600
716
801
615
8767
312
7335
2324
1494
3642
2290
2511
5704
1281
9601
5482
2613
1699
1195
2694
7248
5167
2380
5280
5491
9085
5031
6778
885
9904
9174
4804
7788
8656
3946
7876
4886
3244
9367
6950
2746
1743
5801
4002
4760
3171
4885
2335
4066
4218
1388
9645
7478
5546
3387
825
8927
1730
1487
4507
783
2156
7137
6150
9895
1378
702
8046
2955
6901
226
7313
4539
1469
466
7570
5037
4445
6204
1286
6381
5482
2257
3650
5079
3501
5031
5907
4639
3994
19
8721
2843
1436
5421
226
7139
1256
6552
4926
5369
6134
9247
6052
1577
9749
8334
9413
9573
5976
6199
9741
4730
4010
4743
4082
6085
1480
7903
9244
60
8700
6498
2679
4607
6207
3051
2954
5260
5012
7357
1287
4384
5804
2337
1328
5078
9114
3677
5945
490
7093
822
8665
2832
3111
827
6856
8751
7524
9492
2078
2269
1586
6118
6597
5327
5049
6100
7684
7990
5404
1568
9929
7748
8125
6260
4178
3784
1424
2853
6874
527
6793
167
1836
3127
6441
4662
8035
2640
2246
8084
1828
5420
2932
2705
6565
3366
6833
3304
27
3851
2346
9140
2673
2077
7288
2347
4930
1746
6814
1501
808
3248
7852
660
1599
4628
7267
1280
5559
6427
1162
5119
3742
170
6377
1607
5480
499
4721
9921
784
720
9815
9005
5720
5246
9892
9364
6552
1302
8660
7446
4924
395
6583
2478
3761
86
9152
6320
5369
608
8243
3716
540
3511
3991
7325
9475
2656
4556
651
2373
2000
182
5938
9015
6822
9482
9219
9649
2258
55
7131
7583
2273
2217
2711
1559
9357
3324
6933
1884
5978
1846
6157
3467
1720
2587
9844
68
5042
6860
7711
6357
1696
3941
737
747
1805
1075
8435
8795
9830
9879
3484
6703
8716
4838
4273
3539
3792
5422
6965
6147
4201
9186
195
1715
5725
7134
7115
9568
900
8412
7382
8311
6954
2090
6318
4929
2016
5305
2546
4234
9443
7327
1604
5440
3622
3203
848
6275
6422
1529
6135
7985
2798
5047
8710
9862
3239
2502
6759
3175
3732
6421
8385
1627
106
2856
558
9288
7557
3542
2353
9638
7964
601
8122
7882
1956
2560
1773
7831
6803
5207
3532
5030
864
2764
2791
579
6770
6776
3140
2331
3294
4979
3792
3324
6577
9671
7923
217
6753
5076
923
5799
2479
8365
4364
3930
1375
2366
9491
3490
7174
6188
6260
3110
1811
450
8509
6875
7199
2683
2897
5780
5606
139
1717
2227
3342
4363
9097
2928
4692
7314
4477
5540
8759
3093
559
6150
9632
5902
7205
9114
5013
1010
9150
7484
5493
6870
6962
4965
2502
9600
9988
6328
9578
2380
9242
5579
1812
3939
2484
6805
9333
6449
9430
2852
5351
8299
9887
3784
4583
6683
3895
1512
5416
5345
2868
3832
9410
9156
8718
9076
4042
3473
1191
3544
6083
8759
4238
9720
47
3592
6413
4534
2400
4665
6279
1829
4091
891
2374
9208
9118
912
4673
1053
3911
9466
9019
3550
8936
5709
2662
9393
3554
8250
2558
8498
8472
7089
4241
864
8174
5978
7760
1871
3007
1810
873
193
6182
930
753
613
9246
1760
4097
5833
2475
463
931
7621
4799
1291
4391
8743
8855
4486
3398
7569
2049
9643
7476
6086
9776
9113
27
4059
311
8157
8336
4348
8386
3040
504
1333
8855
8445
7479
4236
414
1806
1518
7285
3919
1250
4012
2225
7576
3472
7990
4244
3276
4952
3742
9378
8572
2914
4592
9301
1359
9205
18
954
7256
4094
352
5523
5924
2257
8940
5365
5836
4048
7331
9344
147
3560
1002
7032
6054
4406
6091
9134
1016
2846
4185
1134
6327
9266
1363
4810
1331
3926
579
3606
7102
5082
1482
3464
59
3428
7764
555
6327
3507
4306
5071
8998
719
65
6963
5391
9374
2245
1581
6654
1443
213
1326
641
9396
4582
2280
8863
5879
5793
9384
8264
6205
5901
5798
2498
6039
6049
5994
8401
3318
7066
2642
8436
8721
4544
8868
2567
7830
880
5124
7111
3545
1429
4650
849
8382
3433
8849
5960
2226
5309
2782
1064
1416
4884
3318
8174
6678
3983
8162
1714
2628
2891
842
1690
9448
432
9573
1110
6556
6345
8506
9934
1139
6255
7091
3289
4770
1093
7327
9634
603
2997
2858
2636
383
7076
7565
4912
5106
2961
7087
5774
4138
873
8437
7411
6091
2071
1829
3938
6229
1064
8373
198
8846
3606
6470
834
1679
2623
4540
7115
5140
7743
168
9203
7859
3678
2710
7936
4608
4147
4859
185
9011
9207
5644
1218
4608
3278
9168
8913
6759
8216
8320
7686
4488
9635
7338
6181
8382
3643
5674
3982
9894
7415
6940
6908
7886
3871
5418
3911
113
4419
8466
2969
2048
9115
1564
9028
3011
9670
7486
3253
5477
8228
2356
9896
3433
2716
7029
9118
9452
8404
1783
9528
5488
5342
9271
1458
2723
6484
8252
510
298
6839
3295
4967
4624
9082
2445
4287
4383
5157
8837
7953
9681
4116
4511
9306
6642
686
6441
3477
2057
9092
129
3459
6121
4592
2514
3536
2409
219
3944
1651
1768
3115
2901
8750
1650
1610
7878
9431
9876
96
3097
7920
6072
7034
9514
7335
5604
3665
6650
6262
193
9743
4942
8719
295
9290
7516
5586
2662
7305
7283
2052
9442
9806
7368
3566
2636
4973
7391
5147
9588
3144
66
7438
8934
485
7251
3109
4006
2684
9886
1541
6630
4370
6782
6061
5281
1619
6906
4527
6416
3287
7501
2697
5960
3304
6985
2050
1739
9595
4150
2970
9974
8952
5592
1664
7114
6951
8896
9996
4924
6868
2400
4348
3628
2140
2797
9493
3279
7487
4052
2614
1793
481
6370
2547
4382
348
2367
2023
5090
7014
2565
546
6612
9078
8421
8847
4827
578
8040
7103
854
7497
9358
5381
941
566
2652
8486
2356
6145
8119
6721
1987
5217
9445
2650
3615
6794
5851
6661
2180
9250
3922
2207
5772
7112
5740
5882
7423
5395
6711
8352
784
7953
7970
7291
6846
7713
1518
267
2691
5297
6259
7874
1883
4010
374
2882
3355
8848
8530
3508
671
1291
9194
3507
4215
6796
3169
4731
9885
5462
3057
440
8980
84
7672
3685
7551
6133
9754
4005
907
4178
4342
8530
7871
3641
2710
297
4126
8650
2009
311
26
3774
9386
4721
554
49
2236
304
8913
7829
7419
4098
9923
8937
380
2485
505
6518
7020
5436
9559
3998
6707
1617
2975
8932
1315
8545
7088
6291
3834
5110
1367
2082
1952
1822
8072
238
4572
8619
9933
8841
1082
2017
9710
9116
8583
1023
5756
6892
7334
6763
7500
930
7327
4938
2738
2896
6517
1373
4795
4509
2880
9839
1882
9368
3581
1120
2645
3917
1398
5911
764
5291
2206
5959
6647
9330
4174
4000
2464
3538
8700
1234
8539
3323
1615
549
3066
7132
8943
8801
1432
8377
781
1222
9576
1836
622
1756
9929
6467
9590
4251
7385
2285
734
9851
8472
134
4095
4690
9038
9451
5099
7176
2151
1743
7749
8998
9531
5764
9846
3989
6743
1728
7715
6868
6929
9642
6192
488
2770
1311
5637
3033
8611
749
5758
6841
2681
2818
7370
5498
8443
1677
1846
6642
1723
7137
4873
605
2588
3990
6996
192
4456
5708
7001
4541
1120
4501
233
8061
5777
789
6433
1584
4669
9747
2892
9460
9756
4315
8908
7592
710
5392
1097
9901
3578
4103
2224
4736
3911
113
5810
7831
483
3855
7663
4210
10
2004
1003
4339
8150
8767
3652
6632
9279
3995
9002
9611
1067
2661
9652
3829
5474
2628
5420
7726
1370
9647
518
5524
1894
3283
2377
9508
5796
3257
7814
8805
9666
1542
507
3553
1829
985
2240
7771
924
9565
7098
8625
6198
2549
317
312
4979
1152
5459
4009
8080
7957
103
9716
5058
8574
497
4316
8781
2591
9243
7044
8115
3275
4972
7289
2416
6907
2156
4988
6392
6067
7090
3544
7715
1792
5944
5559
2072
648
169
371
3572
2243
5887
4133
3227
108
574
9955
671
7277
1199
2387
9507
6982
8561
1158
3819
5685
6522
1809
7073
8547
9034
5315
4541
7532
1301
5272
8741
6086
4783
738
2536
3203
6488
9358
380
9865
7889
1145
2451
2910
9365
6848
6338
139
3670
8960
5339
3937
2524
7102
8203
1266
8781
7356
7156
8731
8567
3563
9138
5034
7990
5146
1208
955
3324
4355
3367
720
6808
5072
7485
3775
4091
4127
9169
6292
4408
7867
676
4071
6227
6324
7721
2430
7988
4524
4754
8173
6162
4942
950
191
4967
8408
7123
8855
521
7922
1009
8957
3273
6492
9328
3304
3858
3616
5609
2346
888
7114
277
1329
8068
2019
4117
6984
80
2806
8157
6137
2397
2181
7773
4449
9850
3492
7530
3029
234
1965
8503
1866
199
641
5242
4845
2234
2656
4902
3981
97
5211
1611
6755
9738
5952
8188
1937
6859
3135
3060
7683
9604
4526
5417
4825
9505
6057
364
8168
8302
3700
1626
7416
9061
1338
1745
6662
3262
8345
4083
9937
5837
914
8442
3692
1098
1458
4407
7690
4350
4785
936
5497
5946
1369
8165
3636
8736
4858
4311
3316
4255
3625
2838
8826
9411
113
5551
3974
7455
4332
1286
5758
6320
152
7959
8680
9307
9425
203
2977
8715
4128
2048
2728
3913
2267
5200
4293
9886
7938
881
3618
3781
5756
3750
5185
3249
4517
4923
1252
9536
3457
4299
770
5260
3787
8826
4164
9370
1096
4245
549
9365
8930
723
4425
7807
7285
3480
5214
4112
5663
1295
4408
8701
9605
1859
39
3240
7088
6747
6774
3872
1338
2937
9868
9097
4087
1126
14
1710
4363
6181
1480
1709
3402
1894
6624
4252
9084
5469
8065
2617
9498
4430
8712
6722
7078
1250
3875
9564
5855
6654
4207
7766
8197
3659
242
8980
8967
8158
215
2113
3685
9105
8812
5310
1097
1667
2973
3958
2581
771
2744
6306
2174
1831
6522
4371
3012
8724
3982
4505
8760
9612
8190
2605
924
8826
6748
613
2367
1555
1916
6486
2493
5350
1078
1919
2684
6056
7007
2610
9915
4504
9389
2478
4438
5867
3423
5531
6058
7672
6793
406
400
7030
3302
9991
720
2226
7629
1882
5492
4585
9438
1919
686
9441
8681
4135
6047
8111
3692
8596
2968
9160
5395
2952
4667
2301
247
7726
9151
8796
9330
6658
3510
3651
8602
6585
4341
5007
3623
7515
7508
8303
5542
6388
3992
4884
6324
4966
5138
8608
6158
1519
3591
2384
5312
1668
1387
7032
1641
4828
4504
9546
4293
7793
7279
2722
2543
9557
1347
7462
5100
5003
2993
6638
1204
1501
1218
5987
6025
6300
8098
9508
9640
5999
8072
8728
6011
2397
7954
2785
7408
1172
1455
9316
5847
8244
6684
4154
952
8222
5208
2677
560
1494
8034
4376
4621
3945
9804
2369
2086
534
8416
5669
6524
4305
9174
1784
2745
2222
4626
5545
6138
910
1016
8048
6854
8921
6556
1743
9388
8677
6868
5163
379
1914
8347
3880
1418
9296
3141
9466
4370
2960
9411
5566
1636
2822
3175
7809
3621
2904
2102
3260
8627
3445
4490
5319
4416
7286
2136
1918
6817
7267
8146
8346
446
5799
4541
4783
5030
3505
8332
3759
2660
2270
4364
2270
9514
8199
649
2519
3416
8502
3166
7943
3694
6081
7121
6715
2192
2332
2474
1692
3232
3782
7554
1308
8164
5707
83
2838
9995
5601
9454
3284
8787
2292
961
8032
502
6904
1198
2523
3216
1764
9615
1116
3888
2998
1247
7523
9401
6144
5028
6091
698
514
5990
3295
2070
8506
3992
8526
6225
6718
7311
445
9463
7672
2099
8324
6918
4832
3198
7849
7585
6324
9884
1000
1019
3829
4329
6366
5361
6903
2307
3492
9515
3975
7092
3773
5736
1557
9987
3919
5795
6292
5917
227
8028
9232
5814
2945
7302
4226
7410
6182
9679
4355
5884
7348
1933
105
1539
4480
6053
4674
7645
7764
5969
1809
5015
4555
1575
3799
4051
6511
6566
5971
4124
8134
5081
857
3719
1972
9650
7473
7152
3706
6538
2759
6107
8887
117
8477
7122
4435
7288
6944
9747
8210
53
6466
6691
5785
5852
2436
6077
958
8738
3209
6408
6371
8549
2364
9777
6099
5660
9601
9506
9710
1926
7518
2419
6932
4118
369
8537
754
9686
4330
9577
969
319
2450
5798
4549
1279
9035
7220
8112
6167
6670
8422
5884
5391
1668
2700
4060
5942
2870
5325
3618
5345
4589
750
2743
1978
390
6133
686
1793
66
3888
8009
200
7066
2987
3838
6363
9865
1024
489
423
6943
7392
4027
4594
9744
5727
7589
9746
4042
3044
3732
8888
2906
4887
1244
6460
4762
6646
938
5021
9673
9924
3898
7634
5353
4701
3508
4663
2345
3897
8966
7264
4905
8758
426
7765
6796
9398
9026
7169
2456
9832
838
5487
1244
103
6448
4628
6036
7733
7373
387
6129
9423
1700
4422
8034
2277
8927
2883
271
5584
4524
7974
9027
6967
2198
6095
1682
4519
3653
1242
3361
3099
9086
723
2531
4214
1987
8823
6142
347
3115
2146
9967
2284
2316
3112
5468
1275
3996
6206
1251
9602
3911
3282
6811
7571
4976
6653
5221
3383
3761
5074
7258
9081
6998
9999
5874
3399
1231
7368
8674
5568
7365
7053
4804
5032
8179
2073
2816
1071
3505
3163
4755
6456
387
7468
2540
8836
3106
9122
8519
7461
6045
6902
2550
530
7602
1297
6579
9168
8970
6717
5230
2393
7252
1183
5618
4450
9115
5777
2948
6965
6955
8567
2232
1589
12
6079
5486
2729
9124
8268
4067
9325
4290
2497
8594
9149
9843
4274
3814
5266
2114
9234
5966
2204
3696
1368
9330
7323
3604
8404
6767
261
3994
7736
4366
6790
8764
6973
6795
2968
7753
3113
1276
2329
7200
6938
4986
706
2019
1930
597
5562
1581
936
5050
3004
5988
9537
2394
3315
2452
2704
1158
6160
3832
7809
3078
5916
3033
1650
3342
8913
1463
7539
4637
8623
6504
9717
4960
6283
7899
3376
932
6696
3300
9530
4655
1245
7301
8977
8698
5040
3126
4583
7006
8057
3064
9037
1439
1205
7568
700
6229
4785
4539
4901
8116
4227
7975
536
1368
2175
7230
8082
7348
6920
3280
1170
9314
4045
9918
6361
7071
4606
2597
2109
3103
5553
1151
2898
2590
6494
8662
971
2409
7692
7517
9496
1341
3182
6040
1752
2514
8747
5475
1018
9077
1607
5891
121
5200
9385
5618
678
2398
546
9108
8308
5501
3536
104
8805
9646
654
4085
3442
7618
5920
8763
3237
6750
5262
395
8691
7551
3557
3975
104
4036
6123
7409
9727
2027
8516
217
2580
9786
8258
2129
9551
7442
7885
7796
1397
4805
4741
2282
3230
9932
107
7755
405
3661
2605
2638
9170
7599
9776
9448
836
4357
7288
2918
657
2736
7578
9251
3350
7033
7075
7362
3798
7402
5294
6747
589
6581
8847
7838
5064
8343
7731
5574
865
47
864
9178
4761
9390
5873
9751
8151
5149
5975
8050
4855
8240
2242
563
3040
1203
8475
2403
6231
5236
925
1512
1232
4791
4306
6582
9554
2319
3508
2444
3802
4857
2211
6149
9561
8714
4505
5247
8315
5814
7919
8554
3859
9923
4865
6427
9781
1920
7386
791
7007
2675
3965
667
5585
7433
8314
7239
7035
8862
3666
2248
9601
1916
2999
5076
6936
3670
9995
790
7326
5954
3493
1085
5305
5194
4229
3037
6940
518
4872
7580
9335
2354
7574
9469
815
7876
2318
526
8458
6584
853
5414
2294
5604
4337
5643
1884
4927
8640
7479
1911
7979
8273
4445
5210
9009
8979
3830
7140
2088
6844
482
865
1664
7289
2232
7010
1011
6149
224
8294
3343
4776
2949
6949
9954
8258
1332
6815
6888
6802
3790
7085
4234
6599
3222
6267
4455
8410
2448
1394
8837
5036
1852
936
2801
3062
8930
7305
7848
7459
1555
6200
8635
5000
9719
6980
6105
1165
9761
2107
3434
11
8939
1066
4418
161
9088
3049
2456
4882
4880
403
3754
8723
7487
7406
8396
2064
6891
7236
862
2823
8352
2970
9918
5858
6687
8349
8761
1844
6820
4503
4747
732
6079
4189
5199
5863
3440
6484
2849
2049
2869
8457
6784
9431
3290
7623
3962
9251
9101
8393
2844
3333
5037
5000
4637
9103
736
2906
9446
5217
8945
3970
6357
7783
2909
6290
3027
3488
2070
4156
3851
2921
4426
3388
3625
6570
9364
6129
4331
484
8438
4549
2626
308
8998
8378
2595
1673
1104
8428
4124
1181
4661
3273
5842
840
3705
8376
8344
4377
5916
7756
5759
9535
1727
7651
3992
907
3353
4401
8594
5899
7637
9373
7744
7493
8869
3695
2003
6743
2487
476
1859
9545
4525
4506
8450
6335
5511
8943
4240
5848
1327
7512
1249
995
5216
1049
98
7332
6496
115
3453
9672
3954
5241
7195
8714
2514
7937
6153
1869
7164
8041
1098
7844
4489
6059
1596
8227
8788
4567
9861
40
5716
5021
1440
8259
6599
8509
9858
4180
8944
5554
9542
6467
8001
2967
5411
6921
9764
3217
3913
3414
1894
6450
1616
620
5489
4447
5841
4023
1022
4829
5392
8713
9412
6640
5056
2422
6567
4855
4386
3141
5206
3089
1408
6970
8158
9983
613
9744
9042
9880
356
2606
5060
1998
703
9456
4958
8351
714
2438
756
1487
6216
572
238
7934
4753
3680
3931
2444
6193
6808
8072
8876
5158
9745
8996
1284
873
8510
829
1714
8889
3175
7156
7614
9489
4774
895
148
3110
9422
5713
7499
88
2561
4963
3840
4413
6465
375
2661
1098
2014
8179
2687
928
7948
391
6696
2624
8978
5407
7359
3241
4691
3651
558
7476
220
6840
1961
2193
9999
1140
6416
6541
7412
64
4883
5199
4463
1517
620
6584
8579
8044
3844
4050
6291
1142
9827
3941
4231
4393
1499
9526
9366
9564
6648
604
7769
8625
729
4608
1895
8954
7684
7779
8484
441
6402
8081
1327
6116
8541
1224
5750
4268
6279
3559
6847
8293
6517
8048
9928
2948
9398
5137
228
5929
6909
9948
2227
2088
5619
9013
6743
6909
4138
6907
2644
3737
1691
3370
9691
2014
9509
4900
2995
6335
7555
3433
5096
8055
8202
3969
3772
5239
226
3553
8683
6095
4178
9478
8948
896
5533
8559
9468
5494
1985
9759
5928
6616
193
2072
1614
2231
6198
6316
5485
2941
3996
2533
7752
7228
101
5526
5495
590
3412
277
413
4800
5006
781
8304
8951
9803
1031
7010
3460
1963
8407
8079
594
1774
1151
5427
3691
861
5987
5767
52
5921
2855
3313
6119
542
6933
4129
8760
1016
7982
1039
7639
8939
5822
610
9886
1868
902
6760
3270
4503
6367
9638
3531
8654
6210
3337
1567
61
6276
5341
4828
4874
94
2584
8761
2773
905
1798
6211
3673
2892
817
5144
8391
7904
7615
117
5233
6650
441
7504
2739
3737
317
2147
1145
3851
8886
1621
3993
199
3121
1456
5696
5978
8899
1736
6856
6747
3437
7288
4346
9700
299
3096
1055
5783
7103
3191
421
3572
7694
7957
9624
642
4392
1433
7567
6878
3791
3855
7424
3651
3444
4937
9067
9711
8943
6324
2434
115
2207
9682
5686
1898
4735
5926
7132
9592
7951
7024
8861
9255
517
6915
9657
9352
8049
329
3062
1310
7195
6081
2600
327
518
914
4546
9766
6257
7094
8040
8889
5924
5762
3779
6658
1831
247
2324
6545
735
7048
8015
7561
9227
633
290
4335
1932
6177
4520
3828
9411
2992
8784
1455
7682
6605
8948
1285
3281
1701
2110
7208
398
4808
5194
6038
9507
8628
821
3009
8747
3355
7927
5684
8269
5373
3951
6601
9177
846
288
4345
619
8330
8146
6552
4795
6505
2205
7164
1221
5001
572
2557
6967
2110
4720
5275
4001
7000
2045
9101
7756
8643
6413
3608
1690
150
6768
5682
8736
1865
2045
9215
3590
8538
2552
5812
8532
6598
3072
2163
2882
9743
6401
4089
5743
4409
1347
6275
2019
1900
7789
2572
7428
2684
3183
1595
5884
5478
9790
496
8851
3057
15
7438
432
3995
9993
193
1997
2470
2895
2001
6745
6864
644
3664
5787
7321
75
6618
1137
4970
3911
5082
3162
953
727
1763
634
9438
1324
1203
4836
9865
5873
3187
2398
7937
3098
3538
5833
4150
5412
4020
5449
188
3577
7375
2039
6449
8254
6473
2758
6641
2508
6123
890
873
1687
4207
5489
8376
350
6669
6790
7536
8706
8051
4561
2638
1529
1471
6313
3813
7707
3216
7529
4481
7228
7711
172
6399
1818
4523
6671
2220
957
4002
9602
3725
7361
5003
6368
3462
5618
4810
4912
6633
8972
7997
9282
9254
2031
4978
2754
2493
5576
8430
9810
2383
5600
7449
7934
5989
1678
4931
4795
5347
313
114
5274
3806
8902
9801
2451
7322
2168
9787
5765
8404
6677
5794
5069
6839
2993
7356
8764
1377
608
5786
8784
6796
6418
2303
8092
9693
6786
3415
222
3074
9808
1492
9819
6824
8390
2265
3029
615
2776
7807
1927
428
9874
4848
7107
9273
4146
2333
8250
6441
4495
3112
5903
9434
5594
6370
896
7927
3591
5974
4135
8922
9831
7303
9484
6501
723
5532
944
9269
9422
4109
6446
5097
4599
3276
2573
6823
3470
2752
1693
5539
385
6721
7795
8515
4608
1466
9118
5134
4530
9145
1115
5747
2910
4041
7010
1331
6891
7513
9787
2310
4439
8642
3928
8065
3969
3232
3304
5116
6190
3167
1200
1970
4013
8564
2258
7804
1456
3480
53
7040
306
735
5835
1062
5167
9362
2448
8478
9427
2890
4952
1273
7433
2122
1979
4542
8079
5531
3337
9763
8250
5997
7550
2550
6714
202
5923
278
7401
8825
4505
5857
5547
8429
9930
1799
2064
7109
4592
474
9445
3040
2301
874
3046
9096
2877
5026
827
7227
7728
7200
2116
5729
5551
4053
6947
3158
263
5673
8463
2728
4885
5527
1978
8979
2053
5802
4258
5866
5248
1968
7035
6355
3928
1605
6259
3319
6382
9090
8177
1683
323
920
4391
3346
2329
4755
560
7275
1302
9783
8561
1305
8871
4413
7129
2049
24
7700
8442
3933
2130
2562
7463
5570
1332
1797
4217
4378
4749
1108
476
4088
7888
3910
928
9146
8877
1899
519
5962
6910
5496
2336
7446
5501
3642
4196
4403
3154
8423
1513
6497
1587
1446
716
7586
289
1830
5716
4343
4775
6423
6417
6423
9185
8780
4763
507
1180
515
4933
5773
5620
3791
330
8324
1572
7590
5350
5774
6627
1779
6563
8495
4657
4449
7070
51
8618
113
6657
6970
2978
82
8241
3964
6457
5487
1576
9090
8693
3517
4061
2472
4028
8063
893
3764
688
5698
162
5219
3735
7568
9503
9
2128
4801
3857
8346
1505
6909
9897
2485
4252
7057
5398
2177
4970
7511
5227
1905
1398
4909
5601
4985
6471
3447
5829
8168
1893
3278
1207
4496
272
5932
4118
1569
7495
2587
2582
4914
8462
3311
7984
2921
1471
9029
8762
4693
4617
6450
4155
897
2839
3323
5424
4443
7588
5886
9336
8060
6295
7187
8812
6766
8243
8832
3595
3148
2091
782
7216
4605
3759
790
4094
9042
8299
1869
8498
4372
3962
4872
387
6917
872
914
8909
5599
9178
6877
5324
6178
8624
8472
216
8840
326
2923
8641
7197
6419
7871
8279
8364
3383
4955
899
5868
2317
4884
7582
7729
1183
6500
142
349
7466
6010
2450
610
113
3415
4842
720
4957
102
4234
3805
6374
4652
201
4539
8968
5034
8824
5157
2978
4220
9790
7251
2488
28
5882
8585
8212
7098
2328
4484
2091
5826
2516
4467
5580
4344
7124
9170
2800
5862
2983
6764
2137
8382
4283
5770
3543
2693
8136
5349
1392
2327
5462
2226
2434
9534
707
5455
6009
4938
9727
3552
696
4240
3449
4052
8752
8653
7254
2776
3655
6881
867
691
4897
5632
6483
5712
7151
4776
2024
2040
8813
8256
8705
5268
5078
2846
5327
4839
9254
1089
8953
5272
4077
8387
6444
775
8838
3796
562
1622
2085
2142
8802
5822
6719
3381
9376
7977
5206
4831
8165
8939
883
6291
3041
7333
9980
7975
5261
7981
8849
1978
4267
8806
4440
1792
1829
6339
8192
1362
7686
9446
3210
6003
4321
903
214
8003
9241
7274
692
1802
3921
990
9329
1214
9506
3532
2250
455
3071
6271
6878
890
7598
8343
6013
1132
1286
2059
6029
1089
4708
2485
7555
4679
9536
1191
894
6464
995
5287
4325
2665
7018
8903
4380
1320
9363
3564
831
689
8056
8667
5985
4545
4569
1673
5949
2713
4041
9528
5914
2608
3207
5977
7142
7868
9721
339
3810
5239
5796
8696
3401
4833
5510
2524
8115
1802
9944
2583
7192
2556
2320
3999
4109
3281
3900
2223
394
265
9860
2415
9598
6909
125
2409
8872
2768
4592
8626
5677
9599
9702
2341
4675
4036
5762
9581
38
8874
3551
5903
6033
4978
8979
3347
5518
1032
6418
5250
7842
1787
7725
5333
828
9414
5832
6797
7671
4078
9181
2643
5429
8004
7906
767
3751
9226
7880
5663
269
3545
232
5377
6607
5918
5036
7309
8331
6087
1057
7724
3685
5293
7605
5988
8233
5201
522
1556
7104
6564
4613
435
354
3874
766
1202
5060
7792
3454
8040
1219
6642
7828
3854
2824
9646
773
4556
1906
926
3956
574
2436
1285
2299
6197
3378
9025
7894
1730
9920
3708
2360
2109
9469
3677
4769
9664
1741
4099
1354
6533
6138
22
2169
2931
449
1067
4428
2909
5898
4667
6917
1476
2030
255
9161
2715
6033
6876
3245
7496
8871
7485
4871
4405
6238
8292
8434
9756
4192
6654
5763
9027
2412
5444
3838
480
986
8169
1806
6191
9838
4147
7831
4838
83
175
663
9260
1397
154
8048
981
3078
4585
9211
7663
1448
2954
2670
2645
7608
7666
5186
6863
8866
5122
1251
8331
9574
944
1584
2791
8054
8483
4317
6642
7177
1599
6398
8175
1023
5953
5152
9302
152
8085
9103
3054
3688
9228
9565
8514
1482
5190
3876
1787
5841
3728
5189
9096
2847
6898
8138
7363
7769
6533
3890
3759
1370
7018
9142
1076
3921
9200
9654
9360
5308
6727
8921
2840
803
9708
410
6959
2218
4413
9361
4375
5499
998
5968
6
5708
1776
5589
1883
2285
6107
3747
557
9191
545
5615
9080
8393
4015
3490
5080
1355
6200
8435
4875
9772
9838
1308
3704
1218
7920
9645
7817
6763
2685
4794
2555
4005
3089
7024
4546
6271
4837
8087
8782
12
9090
7345
9833
3524
3662
6445
3311
5502
962
7034
5239
2306
1042
5951
6062
2230
9353
578
5013
4928
9020
4664
8167
6711
5042
6984
228
6583
2402
6070
9033
1673
6016
2507
7956
6797
1929
4723
1665
1515
8128
6556
14
1177
7941
9658
6915
1138
2407
6649
2971
6956
5593
5135
6191
818
4802
2780
5855
1424
5986
3251
8192
8329
5083
8884
1906
4552
2951
5811
1940
3155
8868
2041
7471
5632
4506
2735
757
2971
6459
1859
4084
4616
9495
83
1333
6836
7354
5071
9803
7018
8973
8203
7621
9253
7980
8110
4245
6086
3235
5356
252
5308
6662
6631
8825
1268
269
2955
6189
7333
1838
5856
9354
5192
8978
5101
7047
9302
4028
5419
7997
1826
7909
1766
6199
4659
3286
6265
5518
7372
8350
9001
2640
1352
8625
2085
8903
4331
9773
9528
435
6619
7348
6522
7029
3515
6435
8305
7303
8019
4197
5462
4953
3285
1008
8348
6504
5357
4119
172
9795
7102
4258
8532
3473
372
6130
8404
9192
9465
2975
8396
2680
9577
6515
3928
5960
6301
5584
8131
183
494
2726
8188
2657
2627
352
8699
6860
3681
9227
4789
3752
2422
1833
2324
1305
3697
1174
2320
2277
3444
645
7241
2653
8612
5203
5145
6462
5992
8957
8793
2025
2284
3687
2196
7710
5921
8719
2196
9659
6153
969
2941
2202
6261
3918
2763
7263
5144
3658
2876
718
1240
9849
6145
5879
7818
309
9109
9793
6487
7974
6243
1290
3043
3223
5093
9401
548
8154
5310
3340
4599
403
3563
7452
7432
267
5709
4159
4892
9028
2850
4878
5799
1102
342
2957
8601
2631
1851
5191
7670
4866
5669
6795
8800
9875
5481
3925
8301
5571
8012
6457
9852
1558
2248
2878
1219
1268
5960
8516
909
5884
3321
4338
5885
1229
642
1509
9730
2207
5976
3229
3777
7606
7271
5877
8876
2058
9652
8900
8777
634
8419
3318
4053
4635
6033
6874
4732
5799
3440
4320
9528
1386
7154
517
6691
4317
2283
3478
6746
5361
4381
545
5
1324
1313
974
8314
8848
892
5079
6866
9585
1731
4794
9845
8512
3061
2765
181
4601
394
8815
1828
3250
907
2653
7777
1965
8639
2861
8980
2129
6010
7503
1326
9133
1220
7772
4853
4233
198
8854
8264
6340
8275
3536
9012
8350
6933
7542
8169
9674
5575
957
8613
3121
4465
8141
9323
3112
55
5404
1155
6625
5680
8587
7751
7594
1335
7081
267
7112
3275
5741
9675
1493
8127
9301
6231
6539
5192
1250
9632
2114
7512
9483
1026
381
8648
3167
4343
7245
7105
9203
3072
620
7666
4161
236
4451
4229
1701
747
73
7135
8872
661
3473
2279
7145
8798
7833
4013
2350
1696
3621
2521
9860
519
6574
7947
66
4286
2065
5230
3238
2924
9097
3363
4938
2490
3563
552
1641
2944
8524
8080
2202
2972
2313
8395
5661
6228
6051
5721
4025
2879
1196
4496
2362
7508
2914
8611
7397
9445
7929
9630
8335
6588
7655
3368
8397
827
7311
3502
7691
9463
8402
6435
1414
7681
9196
2259
7298
5719
9221
8776
5325
5157
6394
8759
8151
149
5401
1917
46
7386
8915
4646
6247
7115
5893
8368
3576
8675
6932
3798
1543
7024
9456
9838
9023
4890
6142
8676
9278
6915
454
4050
1946
8568
2015
3409
9088
6865
1456
3234
9132
1436
8427
6884
2987
8263
6191
1220
1114
3118
7527
6142
9902
8897
2005
3432
2350
7077
8189
3836
2635
1849
509
2939
1213
1788
9405
9244
7662
6863
4046
1419
9581
9442
3691
5465
6071
2660
9630
5237
6399
1777
4152
3582
6438
249
9450
7305
5172
548
5209
4892
2940
8964
9958
4703
8414
8766
8798
2487
7751
1045
1178
5940
856
747
4597
8393
7219
3768
2437
2322
2311
3591
1065
6309
2356
8903
9590
5571
7770
4924
559
3728
9127
6427
237
8923
14
1338
6215
2491
1758
3142
3200
6762
6992
2266
8144
8598
3214
3228
6020
9500
8737
8627
8330
9134
7201
5344
8016
29
9017
5533
2680
2662
567
6396
1739
6455
8186
349
9316
3560
1662
264
8406
8406
4847
5033
4125
294
6770
2991
8107
5631
3416
4607
1286
3534
4231
4900
1662
4170
9979
1571
418
1462
4129
6611
6944
9639
9824
5680
3980
2095
6838
8888
8275
8684
2990
2086
313
9141
5850
3053
4726
617
9278
9968
2051
2259
7086
8084
8706
6379
7593
6388
7515
4077
9335
2951
8104
5269
1234
9433
9100
5760
1047
6650
8164
9079
6883
8187
3820
7622
6048
6798
3762
4586
7110
4106
5090
9172
9255
4924
9028
2738
1581
822
6015
2930
8600
8262
8702
1231
1036
4705
2041
6301
1562
9756
5767
3126
5894
3062
4308
5414
2283
7729
3267
6403
4727
8538
5714
6768
6465
5223
73
7231
8242
9091
9347
7797
5650
6776
8527
9043
9917
9050
7548
624
4567
9389
9617
888
2049
5666
7019
8008
8680
8419
6266
1986
6505
2354
3713
1309
3461
1691
8731
8786
4308
1949
8421
1279
7498
944
474
5347
4183
4671
1851
1854
8760
9643
5803
568
6767
9146
3298
4596
4256
9293
2539
9406
7781
5083
9446
698
5934
6344
8310
3248
1099
667
1408
7576
54
6033
9850
5448
5149
8441
75
5990
1425
3259
5495
8254
373
2596
4568
3144
7218
7616
9668
6892
453
4460
7504
7163
951
7255
4266
401
6892
9478
7446
9484
1869
5541
4532
3207
6886
6911
2331
739
7295
6858
3177
3073
6954
9393
7818
2128
3971
2163
4519
5435
3891
6501
4567
2234
7101
2684
1036
9325
3357
1141
3352
4402
9214
1994
4794
8433
7121
5423
9753
1975
3004
6883
5119
1294
6125
6642
1218
3524
8897
7863
9972
4877
2511
89
7469
9056
4571
5772
5965
9336
9263
4614
1347
3847
5069
7667
3830
2016
5160
3738
1482
2842
5969
2849
7460
6072
3835
8593
3157
9164
6560
71
3170
6716
6740
6310
682
3391
2268
3671
8079
2544
8681
2949
3804
6093
350
9203
669
2968
2713
3954
9848
8397
2718
8937
5470
2804
9168
4504
5165
7486
5009
5259
6396
2605
6603
5846
1441
7893
8673
4102
5881
573
6169
4757
1324
7740
6437
4240
5307
3826
2877
5274
2718
7875
2534
7212
354
4110
5940
6462
92
5421
2773
430
7770
4757
5029
8499
5126
3034
6713
6290
4919
2439
9831
5302
7254
2032
1606
288
8987
595
2664
589
237
5443
247
8211
8597
9686
4728
5646
3321
8976
1190
5735
9074
1649
6492
2384
9540
8696
8013
7866
6359
2999
8657
776
5774
1138
8421
9848
7736
5031
4926
2357
6999
9101
2344
4690
1210
4560
5272
1952
3586
6297
9930
5550
8314
5289
5736
1192
6655
2822
2330
7233
2133
2729
3163
6024
7569
6199
5151
4521
7073
4275
6263
5739
8162
2346
6745
2835
4029
8091
9595
6514
7995
3937
3936
8731
6706
9803
7708
4747
493
1106
843
8975
7742
7665
1463
7246
9542
6412
7199
1237
3853
1654
6364
2369
4531
9722
9382
7335
1801
7809
2699
5408
6482
3507
8747
1767
1779
3073
610
4094
4109
8070
483
915
7798
9362
8785
271
9666
7640
8689
1340
9137
2754
748
1427
5198
5707
6873
1675
3149
5082
5634
6863
2091
7022
6061
5301
4873
2867
7998
3160
6040
3741
9752
2948
7563
3474
4061
9797
273
7720
5846
994
2528
136
9450
7181
2846
7458
7349
8798
5923
9021
9588
5215
8397
9304
5256
2652
8562
2097
9176
7108
4427
977
9235
8981
8781
9309
8584
1540
6020
5270
1401
7394
6715
4116
2789
5873
184
1747
2786
2451
4520
3852
9199
7382
4599
6546
9087
5573
2205
2412
6438
9093
7412
5140
8981
8891
2378
5361
9973
6183
1605
6727
3093
6505
7580
1522
5858
6437
1592
2447
9736
3421
465
7839
6389
6064
8230
705
9409
7811
7038
3544
245
9313
9917
7029
1313
4745
2365
3322
9572
6339
1715
663
2946
4678
8768
1170
2734
3733
7274
7899
6464
4865
3808
138
652
5938
6312
2438
7647
2001
2699
3645
8101
325
8599
2753
7221
7509
2208
5366
8572
5716
7997
6657
4654
3812
5135
3358
9524
1849
815
283
1619
7313
7316
641
4233
1400
128
2842
3035
5651
840
6311
3614
2358
6713
82
9319
8107
1219
3088
5306
3345
1270
8292
686
164
4029
2486
3039
3618
3043
9421
7035
663
964
8159
7553
1201
6741
1080
7
2619
7127
4052
2979
785
8069
7827
9156
5161
2131
3772
403
1893
9425
8180
7215
6655
9848
7776
3690
4695
5128
8613
592
9379
7017
5022
3180
7208
5655
9376
2812
8729
7926
2897
7935
9042
6815
9307
3602
357
2611
1062
2272
692
9497
4833
2596
2499
5770
7601
5255
2289
9599
7660
8692
7916
879
1584
495
6480
142
5733
6964
3626
6523
3875
2779
7496
9122
6180
5732
1012
630
7508
4177
1730
8244
1636
9530
3784
9968
5567
514
9480
369
6928
4371
5467
2514
6040
4087
4190
9
1252
8759
2181
3104
5656
8771
5678
400
6361
3556
2176
8018
4480
7954
1
1762
4102
1254
5351
2983
4106
7425
486
6272
3398
1723
7103
9600
1878
3353
8611
9023
6628
9356
9024
8189
2747
2491
1863
5408
4598
6299
7087
1244
2850
5391
4681
7827
7783
2401
7932
5766
3217
8643
9045
8597
4840
7072
8136
7378
3044
9533
1989
1884
7318
4616
6882
7804
3851
6716
2957
8129
7904
4453
8724
6971
4871
3737
6116
8334
8021
4219
9812
9842
2732
1139
5085
3068
90
4066
9957
5897
5624
6316
2442
4220
7673
9769
9078
5821
962
6440
6511
686
1078
7232
5406
8137
3552
3992
8350
8262
571
8734
1236
6016
2437
2666
8311
7752
8495
728
3769
9248
7651
7349
8521
8410
3872
3314
2287
6304
1334
2569
5221
681
336
6588
5002
4548
5645
9357
1078
9918
3803
466
7927
3559
3141
6969
2977
2748
1386
2358
4937
2182
3883
8600
2688
8999
7753
2052
5931
6115
7227
7344
7204
413
3656
5351
5614
9905
6920
3964
7729
9053
5314
220
9993
1023
351
713
3278
7405
6143
3680
679
3177
8035
1065
1813
8959
8691
3331
1838
54
1970
3751
1099
8106
8973
5845
7244
3594
9939
6758
1843
9875
4755
3166
9462
2703
684
3560
1997
1315
5281
6828
1338
3327
5534
8357
6450
268
8263
6126
4156
6446
7597
2883
8026
4936
9101
7034
3058
715
4354
2583
737
3593
7336
8230
67
4140
1164
5749
8519
9600
8875
5547
9616
8770
5771
529
3637
7416
3072
8579
2509
340
1190
8079
2276
571
5779
6758
5496
3937
6253
6486
3977
9087
4894
853
3819
5184
2651
3663
2090
5026
8119
5156
6894
8120
7527
4862
173
3639
3687
2100
4678
5380
3848
8712
5935
3171
4096
9481
7539
1973
254
2367
3090
828
9378
3866
7152
8089
8498
2648
4070
2390
50
1841
915
3890
3651
512
8009
6632
1781
6580
9566
1086
7071
6770
9518
6973
6054
8067
3808
8108
6179
9119
4606
1999
91
6937
9974
5634
8185
6750
5193
5142
8523
9932
8993
1272
3267
5690
9823
6056
4166
218
8320
9208
4769
4222
5985
2665
6404
2130
6408
7888
4336
2736
9009
3796
7036
4481
9666
3637
2366
709
7071
1078
9733
6667
9171
397
3400
1202
2135
1263
7936
4529
4733
8802
1732
4443
4634
1134
3609
9533
7244
8966
6727
2315
8184
3811
109
9081
6567
7466
7766
8475
749
9429
1607
5986
1719
5956
8157
1035
7429
8881
4470
3551
9236
5853
7557
422
302
7468
3186
4802
9814
458
7993
845
1684
6432
1728
7148
7763
3876
7876
5759
1693
8028
7363
6275
3513
2620
6512
4550
8388
5637
4588
4715
3252
8379
8207
9783
7420
9511
7651
1299
8555
2294
173
707
9316
5391
1746
6221
782
9099
3060
8018
8264
5032
7339
914
2407
1082
456
8769
2678
4278
1699
9431
9545
3669
4416
3049
1585
4821
2257
1297
938
9471
1433
9997
5530
1182
5989
9123
9113
1224
3507
5591
485
5669
9073
8652
5275
1793
1218
9197
3806
6754
4858
8941
1617
212
2330
7116
2038
2265
3846
5752
2066
412
7849
2086
8722
5734
7855
3141
4992
8048
2481
6629
2678
3140
1234
2025
1377
1170
9689
8031
9879
2672
2935
8962
17
7823
8640
5345
6881
8386
4879
1902
9765
7891
70
3146
7846
6013
8384
9961
103
4527
1704
1557
2118
3781
812
5780
5290
5639
4755
826
7920
4192
7655
7064
5492
5730
9227
3664
2330
6296
8117
4032
4184
9589
2489
4217
2820
1565
7675
1210
943
977
2876
3130
8634
7421
9766
8189
5859
8771
3900
142
469
4359
4361
9005
8294
7080
6380
7362
1495
1606
5029
6159
16
6796
3726
2900
1172
6904
4681
7551
9581
9784
4182
2400
9628
1722
9303
3960
838
2833
1658
999
2339
1439
1907
4107
8862
2747
938
2919
7325
5900
2296
2555
8944
6420
9077
9291
6303
5002
4462
4949
9616
2507
5739
6590
2097
9828
3232
3115
850
9059
9735
4440
9354
3913
8903
4957
6038
8713
5790
6873
4203
630
4349
5224
2902
9457
4575
6312
6186
4684
153
1925
9690
1632
7907
1373
9745
6871
5022
4675
4967
5138
5876
5903
4919
8728
8100
7491
3114
2281
8490
4535
4556
7349
2535
1791
2121
4592
4547
8206
4624
1221
9605
726
2051
9117
6160
9977
6200
5615
4463
7635
1786
7749
6152
5495
3378
8406
3685
3828
3726
6615
5435
8819
7392
5153
8514
3049
5730
3701
9528
1656
1596
3736
7184
4276
2671
8668
3055
2956
3105
7676
46
5287
7112
1450
7139
706
2041
1264
1861
8969
1924
4688
5907
1945
1171
5610
194
5175
3653
2453
7502
4019
2225
2557
9143
6840
9
5728
1320
7858
908
8053
9090
4928
2648
6441
1297
3312
2985
5788
5266
5705
1783
2291
8074
6613
2544
1427
6079
6807
7352
3558
4677
6540
5300
790
5450
3311
4375
7119
3333
6686
4795
6698
1695
7172
1169
6848
7114
8881
7314
1506
7228
1690
5882
1307
5153
5382
2359
848
2622
595
870
8447
6251
9924
4314
5490
9936
1710
9029
7653
8531
6179
688
8120
2077
6972
541
7684
7626
6242
7857
2610
406
3082
7244
5730
7143
5377
7923
6125
3206
5248
5097
6947
9722
3887
6414
5658
6779
5151
3693
6572
1329
8542
5153
5548
1310
3221
2061
5793
745
73
1951
9545
226
2858
4868
3880
6256
5141
1704
2203
9701
8100
4769
5733
6820
7437
7414
0
4384
7369
8829
6292
5685
3833
7949
3083
7340
2008
6753
3419
267
5682
2303
457
647
849
1601
1958
2753
245
6525
4134
2799
553
9542
765
2390
6453
6356
4482
1579
5566
2008
8829
4117
2966
6977
7421
4214
47
1089
524
7052
2992
7353
1199
6697
5151
8400
3588
1181
4886
7478
5411
8922
2824
7529
551
2140
5624
643
350
2861
7388
857
1394
8294
3782
132
9273
7647
6146
431
5147
9206
4402
5663
6802
7539
2993
8686
6743
2589
8614
9827
8807
102
6106
9452
4289
4038
9570
8065
1427
6941
5603
4175
1422
4798
2613
6040
3397
7885
4620
5535
9997
3641
9066
5266
6746
2060
2371
158
3621
2601
3661
6473
3994
4058
7365
9407
9765
9277
4943
8487
6767
2808
5692
184
23
2549
2192
4147
6021
9422
2871
2246
733
645
4137
1868
6488
1720
3354
666
3969
6019
3329
1905
2127
5528
788
9018
9315
7392
3260
1287
6506
9831
9915
9882
5440
8004
3913
2230
2335
4536
3844
7026
2850
958
3974
2811
8351
7710
6854
6213
9372
421
6136
6002
8291
6174
4933
1233
8665
8998
6018
4895
1367
8299
1880
1449
9093
6988
4354
4746
4957
3448
9923
5791
4581
6790
2228
2678
8136
7196
5787
5490
2720
1579
4091
3812
3287
8181
1553
1131
7404
8288
1762
1898
4436
8180
3942
7768
2326
9492
312
8492
4424
7939
7142
3233
2231
7321
6861
8742
1813
6560
3501
2719
3585
2357
3945
5979
597
6373
3966
3039
1369
3716
5724
5183
1499
1340
6071
7162
5984
3878
1960
7618
8713
6298
3749
9751
7762
4571
4082
3135
8758
7592
2047
6191
2652
9860
4802
8696
4594
5685
980
9637
318
4265
9438
2368
2933
622
3459
3454
3615
2325
265
52
5880
5784
9242
2260
305
4413
7872
7603
3287
9834
4111
5484
4551
2677
6821
8828
915
9923
1415
9623
8885
5031
3745
238
1856
5446
3629
2960
4039
4891
8960
2885
8872
9792
493
7952
5930
2584
8202
2094
4677
7410
5619
6155
832
2702
3966
6531
618
8604
937
4777
4657
5089
8354
2703
3314
216
1424
7780
7884
6981
4341
1037
2770
7156
2144
7849
665
7137
4902
7419
7814
3943
5229
4184
1496
9546
2648
2862
2655
9568
3696
2950
1203
4452
6815
4172
5662
8898
4948
3667
1053
3109
7873
7264
2337
9892
7280
8888
5325
1445
2113
8286
9641
325
2065
5334
9508
8058
2961
9328
5533
9153
7765
6774
593
8193
7494
2875
1971
2556
9968
5874
98
4846
6971
8645
719
9334